1
2,353
4,830
1,008
2
2,423
1,998
0,976
3
2,373
3,763
1,088
4
2,428
1,768
1,018
5
2,400
0,693
1,137
6
2,645
5,029
1,072
7
2,458
3,823
1,043
8
2,667
2,232
1,087
9
2,557
0,731
1,177
10
1,988
2,437
0,984
11
2,772
2,301
1,086
12
2,977
0,921
1,049
13
2,458
0,375
0,960
14	
2,623
1,609
0,963
15
2,555
3,092
1,025
16
2,864
2,440
1,019
17
2,209
3,984
1,081
18
2,936
1,002
1,027
19
3,606
2,370
1,055
20
2,425
4,908
1,084
21
2,463
5,590
1,052
22
2,127
2,840
1,052
23
3,595
6,271
1,009
24
2,362
2,045
1,026
25
2,075
1,047
1,021